0
1
2
3
4
5
6
7
11
12
21
24
25
27
28
30
31
72
74
80
88
89
90
91
92
100
102
104
105
106
128
132
133
134
135
136
140
141
142
143
144
145
146
147
148
149
150
151
152
153
154
155
156
157
158
159
160
161
162
163
164
165
166
167
168
169
170
171
172
173
174
175
176
177
178
179
180
181
182
183
184
185
186
187
188
189
190
191
192
193
194
195
196
197
198
199
200
201
202
203
204
205
206
207
208
209
210
211
212
213
214
215
216
217
218
219
220
221
222
223
224
225
226
227
228
229
230
231
232
233
234
235
236
237
238
239
240
241
242
243
244
245
246
247
248
249
250
251
252
253
254
255
256
257
258
259
260
261
262
263
264
265
266
267
268
269
270
271
273
274
275
277
278
279
280
281
282
283
284
285
287
288
289
290
293
294
295
306
307
308
309
310
311
312
313
314
315
316
317
319
320
322
323
324
325
326
327
328
329
345
351
354
355
356
358
360
361
366
367
368
369
370
374
375
377
378
382
383
384
385
386
387
388
389
390
391
392
393
394
395
396
397
398
403
405
406
407
419
421
422
423
427
428
442
444
455
457
461
469
470
473
480
481
496
505
506
507
512
513
525
526
527
528
529
530
531
532
533
534
535
536
537
538
539
540
541
542
545
546
548
549
550
551
568
571
